-0.56143755
-0.48798043
0.1916226
2.2739077
0.93300676
1.5116134
-0.3413688
0.58375245
4.648136
-2.5840943
-1.8480465
0.9381288
-1.4609078
-2.1092076
4.9185996
1.6129924
-0.1189121
3.8952143
0.37358806
0.46883902
0.5748852
2.8292441
-2.3722506
-0.9178331
5.269686
1.997869
0.21931174
0.73606616
-2.827502
0.0024332441
1.2848377
-1.688491
-1.7052113
-0.84684
0.70770675
-2.4714851
-2.7262528
-1.9510176
-1.9447545
-1.9639912
4.581641
-2.8953621
-0.024840485
1.1362864
-2.8296895
0.45947278
-1.377892
3.7698395
1.1288139
1.366025
-1.5094062
4.9648614
2.2020955
2.4200883
3.1216302
3.2841244
0.9636887
-0.8259316
-2.707451
-3.8926039
0.8975281
3.9589112
2.4043427
1.5429834
0.34762985
0.3877476
-1.6457692
1.6029496
0.20084363
0.4907902
2.841645
5.5279064
3.695895
3.4437823
0.16570866
-3.2209616
-0.672788
-2.2532265
-0.041249573
0.21203542
-0.1481843
0.5336807
0.5080986
-1.8644506
4.4617534
1.4942529
-0.568809
2.5262651
-0.44954577
0.61259913
-1.4399041
-0.6123205
-0.7994257
2.4987578
-1.1832258
-2.152568
2.63711
0.83039623
-0.5562303
-0.43265083
0.61788523
1.1843957
1.5449224
-0.1532929
0.45712322
1.458915
-0.95158005
3.1837902
0.39000404
-0.19835922
2.3785346
-1.7816167
-0.033289008
0.40868294
-1.419923
-0.096582755
0.25421217
-2.3386054
0.890297
-1.9603415
-3.4954221
1.7023072
-0.3463409
2.8610976
9.39108
0.40769118
-1.2555283
1.7953581
-1.3093312
0.89556056
-2.3246906
-0.79334617
1.0746909
0.44182292
0.36926165
2.6468153
6.433789
-2.3110392
-1.8882966
-0.32916555
1.1626452
-0.9160203
-0.7754936
1.312766
6.2622485
-1.0170544
-3.8618839
-2.8545916
-1.5679775
-0.7714051
0.67018986
-0.17012766
2.887325
-1.226302
0.70235264
1.1681889
0.051029705
-1.395292
-2.1889381
2.3742602
-0.8811525
0.5867064
-3.8933403
1.0701356
-1.2118243
0.728362
-1.2362088
-2.4688723
-1.6066281
-0.98000246
-1.6327496
-0.96802694
1.8813043
-0.4597
3.3906198
1.266663
-0.63056725
-2.6631303
2.940334
1.3231571
-1.8862365
-2.70269
-4.604971
0.6782636
1.3738898
-2.647645
-2.2694876
2.34805
0.054789122
-1.8688815
-1.4721282
6.5048018
2.718648
-2.2025611
-2.445426
-3.7074583
-2.3727496
0.5783331
0.35510945
0.3078598
-1.8186268
1.315938
-0.76851135
1.8368104
-1.6146706
-2.5167606
-0.90031195
-1.0947638
0.34746936
0.99628484
2.336405
0.84248054
2.3017666
0.39423257
0.52834535
1.1724577
-2.912428
-2.5626888
0.3142256
-1.6684285
2.3677573
0.295368
3.1055999
-1.7885927
0.40549678
-0.411703
2.4666498
-1.6840196
-0.19651036
-2.449964
0.3686876
-2.170569
-1.1563894
-0.25353092
-1.4166667
-0.022831077
0.01672829
-2.9804952
-2.5385308
-1.514183
0.74225545
0.039399553
-0.23964277
-1.3397442
-0.83867735
-0.08773252
2.205525
2.0469987
1.4182868
-2.3716276
-0.6444634
-0.15225676
-1.388981
-3.264846
-3.3504927
-0.41508338
4.5900645
-0.38957557
1.3870363
0.11963921
-2.2249494
0.3373443
0.42829788
1.2931176
-3.3850389
-1.1800362
3.7472837
-1.641223
-3.203936
-1.0417107
-1.9849658
0.34566617
-3.789656
-3.9716554
-2.2595484
-0.6098576
1.4708921
0.45052734
-2.430137
1.3054471
-2.8482957
0.08620482
2.6882265
-1.0431769
-3.9212608
3.244579
4.2512536
1.8477539
2.1484835
-2.3754995
1.2455772
3.6832209
0.93161744
-0.7727291
-0.5000237
-2.0526028
0.70099354
1.6423155
-3.6882873
-0.87371105
10.991474
0.6225066
-0.3469295
0.22527021
2.115871
-2.5290823
0.31176096
-1.7888875
-2.1589086
-3.0771549
-5.3416405
-1.0151901
-1.6690743
-0.034273103
0.5367781
-4.032847
7.624917
5.3020873
-1.251914
-0.5468986
2.0981479
0.6793117
-1.9690927
-3.401225
-1.7771349
2.6503904
-0.70815307
0.26637736
0.3133469
1.7868241
-0.86539334
0.22206247
3.9411523
0.06693293
-1.571504
-0.98324865
5.911348
-2.8239024
-0.91585547
-2.1425033
-0.8601544
-1.089442
-0.47923863
-0.3152088
0.07954611
-0.39313918
-0.6492349
2.275702
-2.2423499
-0.3287969
-1.4411466
-2.326324
-0.07109041
-0.32667565
-0.63103545
-0.300402
-1.3189609
0.24622516
-0.4563386
-3.3516774
-4.570041
5.825806
0.7621019
-3.8640544
0.30137897
-0.5039519
0.58297807
-4.0765195
-1.657086
2.8519492
-3.3477015
3.9498582
0.48757738
-1.1792662
2.7037416
-2.0880835
-3.8883166
-1.4521201
-0.22637787
1.7615983
-0.7705957
2.6415312
2.3909192
-2.0888424
-0.1787413
5.902315
-2.821681
-2.4680107
-0.059440315
-1.3410207
1.0466319
3.7423377
2.0286765
-0.7790795
0.103874
0.9052529
-0.78176725
-0.32595205
-3.9094992
-0.93254685
